2014 05        80.7    81.7    79.7      143.6   144.6   142.6
2014 06        79.9    81.9    77.9      141.8   142.8   140.8
2014 07        78.8    81.8    75.8      139.5   141.5   137.5
2014 08        77.0    82.0    72.0      136.1   139.1   133.1
2014 09        74.7    79.7    69.7      132.9   136.9   128.9
2014 10        73.0    79.0    67.0      130.8   134.8   126.8
2014 11        71.9    78.9    64.9      129.3   134.3   124.3
2014 12        71.2    78.2    64.2      128.6   134.6   122.6
2015 01        70.4    78.4    62.4      127.5   134.5   120.5
2015 02        69.4    78.4    60.4      126.2   134.2   118.2
2015 03        67.6    76.6    58.6      124.3   132.3   116.3
2015 04        66.2    76.2    56.2      121.1   130.1   112.1
2015 05        65.3    75.3    55.3      118.6   127.6   109.6
2015 06        63.8    73.8    53.8      117.2   126.2   108.2
2015 07        62.1    72.1    52.1      115.7   124.7   106.7
2015 08        60.4    70.4    50.4      114.1   123.1   105.1
2015 09        58.7    68.7    48.7      112.6   121.6   103.6
2015 10        57.0    67.0    47.0      111.0   120.0   102.0
2015 11        55.3    65.3    45.3      109.5   118.5   100.5
2015 12        53.6    63.6    43.6      107.9   116.9    98.9
2016 01        51.9    61.9    41.9      106.3   115.3    97.3
2016 02        50.2    60.2    40.2      104.8   113.8    95.8
2016 03        48.5    58.5    38.5      103.2   112.2    94.2
2016 04        46.9    56.9    36.9      101.7   110.7    92.7
2016 05        45.2    55.2    35.2      100.2   109.2    91.2
2016 06        43.6    53.6    33.6       98.7   107.7    89.7
2016 07        42.0    52.0    32.0       97.2   106.2    88.2
2016 08        40.4    50.4    30.4       95.8   104.8    86.8
2016 09        38.8    48.8    28.8       94.3   103.3    85.3
2016 10        37.3    47.3    27.3       92.9   101.9    83.9
2016 11        35.7    45.7    25.7       91.5   100.5    82.5
2016 12        34.3    44.3    24.3       90.2    99.2    81.2
2017 01        32.8    42.8    22.8       88.8    97.8    79.8
2017 02        31.4    41.4    21.4       87.5    96.5    78.5
2017 03        30.0    40.0    20.0       86.3    95.3    77.3
2017 04        28.7    38.7    18.7       85.0    94.0    76.0
2017 05        27.4    37.4    17.4       83.8    92.8    74.8
2017 06        26.1    36.1    16.1       82.6    91.6    73.6
2017 07        24.9    34.9    14.9       81.5    90.5    72.5
2017 08        23.7    33.7    13.7       80.4    89.4    71.4
2017 09        22.5    32.5    12.5       79.3    88.3    70.3
2017 10        21.4    31.4    11.4       78.3    87.3    69.3
2017 11        20.3    30.3    10.3       77.3    86.3    68.3
2017 12        19.2    29.2     9.2       76.4    85.4    67.4
2018 01        18.2    28.2     8.2       75.4    84.4    66.4
2018 02        17.2    27.2     7.2       74.5    83.5    65.5
2018 03        16.3    26.3     6.3       73.7    82.7    64.7
2018 04        15.4    25.4     5.4       72.8    81.8    63.8
2018 05        14.5    24.5     4.5       72.1    81.1    63.1
2018 06        13.7    23.7     3.7       71.3    80.3    62.3
2018 07        12.9    22.9     2.9       70.6    79.6    61.6
2018 08        12.2    22.2     2.2       69.9    78.9    60.9
2018 09        11.5    21.5     1.5       69.2    78.2    60.2
2018 10        10.8    20.8     0.8       68.6    77.6    60.0
2018 11        10.1    20.1     0.1       68.0    77.0    60.0
2018 12         9.5    19.5     0.0       67.4    76.4    60.0
2019 01         8.9    18.9     0.0       66.9    75.9    60.0
2019 02         8.3    18.3     0.0       66.3    75.3    60.0
2019 03         7.8    17.8     0.0       65.9    74.9    60.0
2019 04         7.3    17.3     0.0       65.4    74.4    60.0
2019 05         6.8    16.8     0.0       65.0    74.0    60.0
2019 06         6.4    16.4     0.0       64.5    73.5    60.0
2019 07         5.9    15.9     0.0       64.1    73.1    60.0
2019 08         5.5    15.5     0.0       63.8    72.8    60.0
2019 09         5.1    15.1     0.0       63.4    72.4    60.0
2019 10         4.8    14.8     0.0       63.1    72.1    60.0
2019 11         4.4    14.4     0.0       62.8    71.8    60.0
2019 12         4.1    14.1     0.0       62.5    71.5    60.0
